1201
1202
1203
1204
1205
1208
1209
1210
1211
3330
3331
3332
3333
3334
3336
3337
3338
3341
3342
3343
3344
3345
3348
3349
3352
3355
3356
3357
3360
3361
3364
3365
3366
3367
3368
3369
3371
3372
3373
3374
3375
3376
3377
3380
3381
3382
3384
3385
3386
3387
3388
3389
3390
3391
3392
3393
3396
3397
3398
3399
3400
3401
3402
3403
3404
3405
3406
3408
3411
3414
3415
3416
3417
3419
3421
3427
3428
3431
3432
3433
3434
3443
3445
3446
3447
3450
3452
3455
3456
3457
3460
3461
3463
3469
3474
3475
3476
3478
3477
3479
3480
3481
3482
3483
9114
9115
9116
9117
9118
9119
9171
9176
9177
9178
1220
1221
1237
1238
1239
1240
1241
1242
1243
1244
1245
1246
1247
1248
1222
1223
1224
1249
1250
1251
1252
1253
1254
1225
1226
1227
1255
1256
1257
1258
1259
1260
1228
1229
1230
1261
1262
1263
1264
1265
1266
1231
1232
1233
1267
1268
1269
1270
1271
1272
1234
1235
1236
1273
1274
1275
1276
1277
1278
1279
1280
1281
1282
1283
1284
9506
9509
9510
9512
9513
9514
9515
9516
9517
9518
9519
9520
9521
9522
9523
9524
9525
9526
9527
9528
9529
9508
9530
9531
9502
9532
9533
9534
9535
9536
9537
9501
9507
9538
9539
9503
9540
9541
9504
9505
9542
9500
9511
7215
7214
7212
7209
49417
7200
49416
7201
7213
7219
49418
7208
7210
7205
7206
7221
7222
7211
7216
7218
7220
7203
7204
7207
7217
49419
7202
49420
49421
1056
1057