1201
1202
1203
1204
1205
1208
1209
1210
1211
3330
3331
3332
3333
3334
3336
3337
3338
3341
3342
3343
3344
3345
3348
3349
3352
3355
3356
3357
3360
3361
3364
3365
3366
3367
3368
3369
3371
3372
3373
3374
3375
3376
3377
3380
3381
3382
3384
3385
3386
3387
3388
3389
3390
3391
3392
3393
3396
3397
3398
3399
3400
3401
3402
3403
3404
3405
3406
3408
3411
3414
3415
3416
3417
3419
3421
3427
3428
3431
3432
3433
3434
3443
3445
3446
3447
3450
3452
3455
3456
3457
3460
3461
3463
3469
3474
3475
3476
3478
3477
3479
3480
3481
3482
3483
9114
9115
9116
9117
9118
9119
9171
9176
9177
9178